Stone 0:
(0, 5)
(1, 10120)
(2, 20482880)
(3, 2048) split
(4, 20) split
(5, 2) split RESET
(6, 4048) 
(7, 40) split
(8, 4) split
(9, 8096)
(10, 80) split 
(11, 8) split
(12, 16192)
(13, 32772608)
(14, 3277) split
(15, 32) split
(16, 3) split
(17, 6072)
(18, 60) split
(19, 6) split
(20, 12144)
(21, 24579456)
(22, 2457) split
(23, 24) split
(24, 2) split RESET
(25, 4048)

Stone 1:
(1, 127337936)
(2, 257731982464)
(3, 257731) split
(4, 257) split
(5, 520168)
(6, 520) split
(7, 1052480)
(8, 2130219520)
(9, 21302) split
(10, 43115248)
(11, 4311) split
(12, 43) split
(13, 4) RESET split
(14, 8096)
(15, 80) split
(16, 8) split
(17, 16192)
(18, 32772608)
(19, 3277) split
(20, 32) split
(21, 3) split
(22, 6072)
(23, 60) split
(24, 6) split
(25, 12144)
(26, 24579456)
(27, 2457) split
(28, 24) split
(29, 2) RESET
(30, 4048)
(31, 40) split
(32, 4) 